[gd_scene format=3]

[ext_resource type="Script" path="res://scripts/editor/manual_scenery_item.gd" id="1_5al3k"]

[sub_resource type="StandardMaterial3D" id="StandardMaterial3D_nac1l"]
albedo_color = Color(0.50980395, 0.31764707, 0.21568628, 1)
roughness = 0.78

[sub_resource type="CylinderMesh" id="CylinderMesh_8inyr"]
material = SubResource("StandardMaterial3D_nac1l")
top_radius = 0.156
bottom_radius = 0.273
height = 6.24
radial_segments = 9

[sub_resource type="StandardMaterial3D" id="StandardMaterial3D_7efpd"]
albedo_color = Color(0.09803922, 0.827451, 0.60784316, 1)
roughness = 0.78

[sub_resource type="BoxMesh" id="BoxMesh_uxpks"]
material = SubResource("StandardMaterial3D_7efpd")
size = Vector3(0.39, 0.12479999, 3.8999999)

[sub_resource type="BoxMesh" id="BoxMesh_0q50b"]
material = SubResource("StandardMaterial3D_7efpd")
size = Vector3(0.39, 0.12479999, 3.8999999)

[sub_resource type="BoxMesh" id="BoxMesh_um3y0"]
material = SubResource("StandardMaterial3D_7efpd")
size = Vector3(0.39, 0.12479999, 3.8999999)

[sub_resource type="BoxMesh" id="BoxMesh_wv2id"]
material = SubResource("StandardMaterial3D_7efpd")
size = Vector3(0.39, 0.12479999, 3.8999999)

[sub_resource type="BoxMesh" id="BoxMesh_2rbsj"]
material = SubResource("StandardMaterial3D_7efpd")
size = Vector3(0.39, 0.12479999, 3.8999999)

[sub_resource type="BoxMesh" id="BoxMesh_o12m0"]
material = SubResource("StandardMaterial3D_7efpd")
size = Vector3(0.39, 0.12479999, 3.8999999)

[sub_resource type="BoxMesh" id="BoxMesh_4aqxn"]
material = SubResource("StandardMaterial3D_7efpd")
size = Vector3(0.39, 0.12479999, 3.8999999)

[node name="SmallPalm" type="Node3D" unique_id=1769497112 groups=["manual_scenery", "manual_scenery_preset"]]
script = ExtResource("1_5al3k")
catalog_id = "palm_small"
display_name = "Small Palm"
category = "Vegetation"
footprint_radius = 4.5
object_height = 7.0

[node name="@MeshInstance3D@596" type="MeshInstance3D" parent="." unique_id=1857401369]
transform = Transform3D(1, 0, 0, 0, 1, 0, 0, 0, 1, 0, 3.12, 0)
visibility_range_end = 1700.0
mesh = SubResource("CylinderMesh_8inyr")

[node name="@MeshInstance3D@597" type="MeshInstance3D" parent="." unique_id=21501345]
transform = Transform3D(1, 0, 0, 0, 0.98722726, -0.15931821, 0, 0.15931821, 0.98722726, 1.248, 6.0527997, 0)
cast_shadow = 0
visibility_range_end = 1700.0
visibility_range_fade_mode = 1
mesh = SubResource("BoxMesh_uxpks")

[node name="@MeshInstance3D@598" type="MeshInstance3D" parent="." unique_id=1205591627]
transform = Transform3D(0.6234898, -0.12455999, -0.7718454, 0, 0.98722726, -0.15931821, 0.7818315, 0.09933328, 0.61552614, 0.7781153, 6.0527997, 0.9757257)
cast_shadow = 0
visibility_range_end = 1700.0
visibility_range_fade_mode = 1
mesh = SubResource("BoxMesh_0q50b")

[node name="@MeshInstance3D@599" type="MeshInstance3D" parent="." unique_id=1158725664]
transform = Transform3D(-0.22252095, -0.15532377, -0.9624754, 0, 0.98722726, -0.15931821, 0.9749279, -0.03545164, -0.21967874, -0.27770612, 6.0527997, 1.21671)
cast_shadow = 0
visibility_range_end = 1700.0
visibility_range_fade_mode = 1
mesh = SubResource("BoxMesh_um3y0")

[node name="@MeshInstance3D@600" type="MeshInstance3D" parent="." unique_id=359527454]
transform = Transform3D(-0.90096885, -0.06912559, -0.42834193, 0, 0.98722726, -0.15931821, 0.43388382, -0.14354074, -0.889461, -1.1244091, 6.0527997, 0.5414869)
cast_shadow = 0
visibility_range_end = 1700.0
visibility_range_fade_mode = 1
mesh = SubResource("BoxMesh_wv2id")

[node name="@MeshInstance3D@601" type="MeshInstance3D" parent="." unique_id=1112876751]
transform = Transform3D(-0.90096885, 0.069125585, 0.42834187, 0, 0.98722726, -0.15931821, -0.43388376, -0.14354074, -0.889461, -1.1244091, 6.0527997, -0.5414869)
cast_shadow = 0
visibility_range_end = 1700.0
visibility_range_fade_mode = 1
mesh = SubResource("BoxMesh_2rbsj")

[node name="@MeshInstance3D@602" type="MeshInstance3D" parent="." unique_id=668256534]
transform = Transform3D(-0.222521, 0.15532377, 0.9624754, 0, 0.98722726, -0.15931821, -0.9749279, -0.035451647, -0.2196788, -0.27770612, 6.0527997, -1.21671)
cast_shadow = 0
visibility_range_end = 1700.0
visibility_range_fade_mode = 1
mesh = SubResource("BoxMesh_o12m0")

[node name="@MeshInstance3D@603" type="MeshInstance3D" parent="." unique_id=615699751]
transform = Transform3D(0.6234897, 0.12456001, 0.7718455, 0, 0.98722726, -0.15931821, -0.7818316, 0.09933326, 0.615526, 0.7781153, 6.0527997, -0.9757257)
cast_shadow = 0
visibility_range_end = 1700.0
visibility_range_fade_mode = 1
mesh = SubResource("BoxMesh_4aqxn")
